39093104 xiesiyu39093104
39092106 xiaoma
10211044 dandan123

36051101 dandan123
36051102 dandan123
36051103 dandan123
36051105 dandan123

36051108 19870616
36051109 19880919
36051111 19870713
36051112 19870620
36051113 19870819
36051114 19871226
36051115 19881225
36051116 19890429
36051117 19870801
36051120 19880808
36051121 19870519
36051123 19880731
36051125 19871011
36051201 19870930
36051203 19880803
36051204 19880929
36051206 19880516
36051207 19880705
36051208 19871027
36051210 19890518
36051211 19870526
36051212 19871120
36051213 19880904
36051214 19880416
36051216 19880203
36051219 19881104
36051220 19880609
36051223 19880323
36061102 19870505
36061104 19881001
36061106 19870427
36061108 19870220
36061115 19870914
36061117 19880730
36061118 19870810
36061120 19880318
36061202 19870403
36061204 19870612
36061205 19880403
36061209 19880216
36061210 19880131
36061215 19871019
36061218 19880404
36061223 19870801
36071101 19870621
36071102 19880220
36071104 19880325
36071105 19880418
36071106 19880123
36071108 19880414
36071109 19871127
36071110 19880131
36071111 19870122
36071112 19871129
36071113 19870322
36071114 19881103
36071115 19881104
36071116 19890305
36071117 19870417
36071118 19880216
36071121 19880619
36071122 19870812
36071124 19880617
36071126 19880311
36071128 19880210
36071202 19870216
36071203 19871215
36071204 19870904
36071205 19870822
36071206 19870514
36071212 19870627
36071217 19880512
36071218 19890114
36071221 19880529
36071224 19880816
36071226 19870922
36071228 19880210
36071302 19871101
36071303 19871224
36071304 19880801
36071306 19870802
36071310 19870925
36071314 19871118
36071315 19881101
36071316 19880310
36071317 19870928
36071321 19870908
36071324 19870808
36071327 19880201
36071328 19871226
36071401 19890506
36071404 19880128
36071405 19880603
36071406 19880130
36071410 19870620
36071411 19871024
36071412 19870224
36071413 19871108
36071414 19881215
36071417 19870904
36071420 19880522
36071421 19880405
36071424 19870103
36071427 19871101
36081101 19870620
36081102 19870615
36081103 19880909
36081105 19880822
36081109 19880215
36081111 19870830
36081112 19871126
36081113 19880206
36081115 19870701
36081117 19871208
36081118 19870526
36081119 19871210
36081121 19890106
36081122 19871002
36081123 19880810
36081125 19890713
36081126 19870603
36081201 19880501
36081202 19870126
36081203 19880303
36081205 19870818
36081206 19871028
36081207 19880218
36081212 19880102
36081213 19870310
36081214 19870819
36081215 19880524
36081216 19870317
36081217 19880204
36081218 19880415
36081220 19880524
36081221 19870802
36081223 19870812
36081224 19880502
36081225 19870710
36081228 19870129
36091101 19870416
36091102 19870307
36091104 19870619
36091105 19880715
36091107 19891007
36091108 19870821
36091109 19871111
36091110 19870514
36091111 19871010
36091113 19870514
36091114 19880827
36091115 19880829
36091116 19880516
36091118 19880226
36091122 19871210
36091204 19870604
36091205 19880428
36091206 19880523
36091207 19880501
36091210 19880712
36091211 19870824
36091213 19880303
36091214 19870602
36091215 19880427
36091218 19870401
36091219 19871027
36091221 19870905
36091222 19870504
36091223 19871002
36101101 19881018
36101102 19880709
36101103 19880512
36101105 19870906
36101107 19891217
36101108 19890108
36101111 19870921
36101112 19880531
36101113 19880105
36101114 19880606
36101116 19870409
36101117 19880322
36101119 19880123
36101121 19890903
36101122 19890101
36101123 19890306
36101125 19871020
36111101 19871207
36111102 19870509
36111103 19870805
36111104 19880802
36111105 19880501
36111106 19870424
36111107 19870610
36111108 19880123
36111109 19871231
36111110 19870429
36111111 19871119
36111112 19870224
36111114 19890503
36111115 19881029
36111117 19870219
36111118 19870326
36111119 19870905
36151101 19880407
36151103 19880406
36151104 19880419
36151105 19880525
36151106 19871120
36151108 19880223
36151109 19870520
36151110 19870524
36151111 19871013
36151112 19880108
36151114 19880207
36151115 19880209
36151117 19880421
36151119 19880717
36151121 19881120
36151124 19880101
36151125 19880615
36151126 19890606
36151201 19880127
36151203 19890110
36151204 19870426
36151205 19880704
36151206 19870908
36151207 19880713
36151208 19880125
36151209 19870510
36151210 19881211
36151212 19871126
36151213 19880510
36151214 19880718
36151215 19891010
36151217 19870228
36151218 19880912
36151219 19890117
36151221 19870618
36151224 19880223
36151226 19881103
36151301 19880608
36151302 19880415
36151303 19891213
36151304 19880516
36151305 19871024
36151306 19870729
36151307 19890422
36151309 19870215
36151310 19880617
36151311 19870602
36151312 19870829
36151313 19881114
36151314 19880624
36151316 19880311
36151318 19890331
36151319 19880205
36151321 19871009
36151324 19890115
36151325 19880409
36171101 19880107
36171102 19870430
36171103 19880506
36171104 19871106
36171105 19881022
36171106 19880528
36171108 19871102
36171109 19870808
36171111 19890104
36171112 19870905
36171113 19880615
36171114 19880314
36171116 19880202
36171118 19870511
36171120 19880217
36171121 19871204
36171122 19880714
36171201 19880409
36171202 19870803
36171203 19881018
36171204 19880215
36171207 19880720
36171208 19870110
36171210 19880713
36171211 19880114
36171213 19870827
36171214 19870715
36171215 19890527
36171218 19871226
36171220 19880210
36171221 19890821
36201101 19870323
36201102 19880720
36201103 19880711
36201104 19870911
36201106 19871010
36201107 19871201
36201108 19880403
36201109 19871029
36201110 19870715
36201111 19870710
36201112 19891026
36201113 19871103
36201118 19880211
36201121 19890405
36201122 19880418
36211101 19871227
36211106 19880727
36211107 19870907
36211108 19870506
36211109 19871104
36211110 19890307
36211112 19880701
36211113 19870103
36211114 19880915
36211117 19881215
36211118 19881205
36211119 19881208
36211122 19880703
36211124 19871018
36211125 19870829
36211126 19871011
36211127 19880510
36211201 19871222
36211204 19880921
36211205 19880331
36211206 19880921
36211207 19880101
36211208 19870728
36211209 19880509
36211210 19880918
36211211 19880718
36211212 19871105
36211213 19871002
36211214 19870930
36211217 19880805
36211218 19870918
36211219 19870309
36211222 19880712
36211224 19870816
36211225 19880218
36211227 19870827
36211301 19891215
36211302 19871206
36211303 19881020
36211305 19880315
36211306 19880813
36211307 19880624
36211308 19880130
36211309 19870806
36211310 19890312
36211311 19871230
36211312 19881228
36211313 19880327
36211316 19881020
36211317 19890216
36211318 19870613
36211319 19870705
36211321 19870901
36211401 19870226
36211404 19880204
36211405 19881112
36211406 19870826
36211407 19871230
36211408 19880107
36211410 19880517
36211411 19871008
36211412 19890121
36211413 19870107
36211414 19871127
36211415 19870208
36211417 19891210
36211418 19880128
36211421 19881017
36211425 19870704
36211502 19880418
36211505 19871018
36211506 19881116
36211507 19870325
36211508 19880216
36211510 19871030
36211511 19880430
36211512 19870812
36211513 19871107
36211514 19881019
36211517 19881031
36211518 19871124
36211521 19880501
36211525 19880717
36211526 19870415
36241103 19870423
36241104 19870929
36241107 19880117
36241108 19880120
36241109 19871220
36241110 19870605
36241111 19870119
36241112 19870821
36241202 19890619
36241204 19880328
36241207 19880606
36241210 19870722
36241211 19870605
36241212 19871012
36241214 19880629
36241215 19871206
36241217 19881029
36241218 19880729
36241219 19880406
36241220 19881130
36241302 19880209
36241304 19890615
36241307 19871107
36241308 19880226
36241309 19880510
36241310 19870206
36241311 19870103
36241312 19880208
36241314 19880503
36241315 19870602
36241318 19871208
36241319 19880204
36241320 19881225
36241402 19871021
36241407 19880613
36241408 19880612
36241409 19870822
36241412 19880810
36241414 19890907
36241415 19870207
36241416 19870624
36241417 19871130
36241418 19880222
36241419 19880617
36241501 19870807
36241502 19870616
36241504 19880822
36241506 19880713
36241508 19870702
36241509 19870814
36241510 19870119
36241511 19870406
36241517 19880510
36241518 19871225
36241519 19880114


